0.0 7.85325060812 7.85325060812
5.0 -1.44671704207 6.69671704207
10.0 19.8784935556 8.87849355561
15.0 22.7806972032 5.53069720322
20.0 23.9103882679 0.0896117321294
25.0 31.5387953968 0.288795396809
30.0 46.2111110813 7.21111108134
35.0 53.6848779992 6.43487799923
40.0 40.299860355 15.700139645
45.0 47.0716566151 18.1783433849
50.0 75.0626591581 0.0626591581029
55.0 95.4179846777 10.1679846777
60.0 114.704157734 18.7041577344
65.0 119.133508949 11.8835089494
70.0 117.43254422 1.56745577955
75.0 116.531816964 14.7181830356
80.0 141.067263111 2.93273688946
85.0 157.625574392 0.375574391899
90.0 161.57323379 9.42676620989
95.0 187.589792512 2.33979251196
100.0 198.427427218 1.57257278209
